%%MatrixMarket matrix coordinate real general
6 6 36
1	1	10791
1	2	3164
1	3	3305
1	4	3472
1	5	3667
1	6	3892
2	1	3164
2	2	10679
2	3	3080
2	4	3249
2	5	3444
2	6	3667
3	1	3305
3	2	3080
3	3	10623
3	4	3052
3	5	3249
3	6	3472
4	1	3472
4	2	3249
4	3	3052
4	4	10623
4	5	3080
4	6	3305
5	1	3667
5	2	3444
5	3	3249
5	4	3080
5	5	10679
5	6	3164
6	1	3892
6	2	3667
6	3	3472
6	4	3305
6	5	3164
6	6	10791
